squallball.swf Movie Report
----------------------------

Frame #    Frame Bytes    Total Bytes    Scene
-------    -----------    -----------    ----------------
      1           4821           4821    Squall Ball (AS 2.0 Classes Export Frame)
      2            185           5006    Credits
      3              6           5012    
      4              6           5018    
      5              6           5024    
      6              6           5030    
      7              6           5036    
      8              6           5042    
      9              6           5048    
     10              6           5054    
     11              6           5060    
     12              6           5066    
     13              6           5072    
     14              6           5078    
     15              6           5084    
     16              6           5090    
     17              6           5096    
     18              6           5102    
     19              6           5108    
     20              6           5114    
     21              6           5120    
     22              6           5126    
     23              6           5132    
     24              6           5138    
     25              6           5144    
     26              6           5150    
     27              6           5156    
     28              6           5162    
     29              6           5168    
     30              6           5174    
     31           1582           6756    
     32             17           6773    
     33             17           6790    
     34             17           6807    
     35             17           6824    
     36             17           6841    
     37             17           6858    
     38             17           6875    
     39             17           6892    
     40             17           6909    
     41             17           6926    
     42             17           6943    
     43             17           6960    
     44             17           6977    
     45             17           6994    
     46             17           7011    
     47             17           7028    
     48             17           7045    
     49             17           7062    
     50             17           7079    
     51             17           7096    
     52             17           7113    
     53             17           7130    
     54             17           7147    
     55             17           7164    
     56             17           7181    
     57             17           7198    
     58             17           7215    
     59             17           7232    
     60             17           7249    
     61             17           7266    
     62             17           7283    
     63             17           7300    
     64             17           7317    
     65             17           7334    
     66             17           7351    
     67             17           7368    
     68             17           7385    
     69             17           7402    
     70             17           7419    
     71             17           7436    
     72             17           7453    
     73             17           7470    
     74             17           7487    
     75             17           7504    
     76             17           7521    
     77             17           7538    
     78             17           7555    
     79             17           7572    
     80             17           7589    
     81             17           7606    
     82             17           7623    
     83             17           7640    
     84             17           7657    
     85             17           7674    
     86             17           7691    
     87             17           7708    
     88             17           7725    
     89             17           7742    
     90             17           7759    
     91             17           7776    
     92             17           7793    
     93             17           7810    
     94             17           7827    
     95             17           7844    
     96             17           7861    
     97             17           7878    
     98             17           7895    
     99             17           7912    
    100             17           7929    
    101             17           7946    
    102             17           7963    
    103             17           7980    
    104             17           7997    
    105             17           8014    
    106             17           8031    
    107             17           8048    
    108             17           8065    
    109             17           8082    
    110             17           8099    
    111             17           8116    
    112             17           8133    
    113             17           8150    
    114             17           8167    
    115             17           8184    
    116             17           8201    
    117             17           8218    
    118             17           8235    
    119             17           8252    
    120             17           8269    
    121             17           8286    
    122             17           8303    
    123             17           8320    
    124             17           8337    
    125             17           8354    
    126             17           8371    
    127             17           8388    
    128             17           8405    
    129             17           8422    
    130             17           8439    
    131             17           8456    
    132             17           8473    
    133             17           8490    
    134             17           8507    
    135             17           8524    
    136             17           8541    
    137             17           8558    
    138             17           8575    
    139             17           8592    
    140             17           8609    
    141             17           8626    
    142             17           8643    
    143             17           8660    
    144             17           8677    
    145             17           8694    
    146             17           8711    
    147             17           8728    
    148             17           8745    
    149             17           8762    
    150             17           8779    
    151             17           8796    
    152             17           8813    
    153             17           8830    
    154             17           8847    
    155             17           8864    
    156             17           8881    
    157             17           8898    
    158             17           8915    
    159             17           8932    
    160             17           8949    
    161             17           8966    
    162             17           8983    
    163             17           9000    
    164             17           9017    
    165             17           9034    
    166             17           9051    
    167             17           9068    
    168             17           9085    
    169             17           9102    
    170             17           9119    
    171             16           9135    
    172             16           9151    
    173             16           9167    
    174             16           9183    
    175             16           9199    
    176             16           9215    
    177             16           9231    
    178             16           9247    
    179             16           9263    
    180             16           9279    
    181             16           9295    
    182             16           9311    
    183             16           9327    
    184             16           9343    
    185             16           9359    
    186             16           9375    
    187             16           9391    
    188             16           9407    
    189             16           9423    
    190             16           9439    
    191             16           9455    
    192             16           9471    
    193             16           9487    
    194             16           9503    
    195             16           9519    
    196             16           9535    
    197             16           9551    
    198             16           9567    
    199             16           9583    
    200             16           9599    
    201             16           9615    
    202             16           9631    
    203             16           9647    
    204             16           9663    
    205             16           9679    
    206             15           9694    
    207             15           9709    
    208             15           9724    
    209             15           9739    
    210             16           9755    
    211             16           9771    
    212             16           9787    
    213             16           9803    
    214             16           9819    
    215             16           9835    
    216             16           9851    
    217             16           9867    
    218             16           9883    
    219             16           9899    
    220             16           9915    
    221             16           9931    
    222             16           9947    
    223             16           9963    
    224             16           9979    
    225             16           9995    
    226             16          10011    
    227             16          10027    
    228             16          10043    
    229             16          10059    
    230             16          10075    
    231             16          10091    
    232             16          10107    
    233             16          10123    
    234             16          10139    
    235             16          10155    
    236             16          10171    
    237             16          10187    
    238             16          10203    
    239             16          10219    
    240             16          10235    
    241             16          10251    
    242             16          10267    
    243             16          10283    
    244             16          10299    
    245             16          10315    
    246             17          10332    
    247             17          10349    
    248             17          10366    
    249             17          10383    
    250             17          10400    
    251             17          10417    
    252             17          10434    
    253             17          10451    
    254             17          10468    
    255             17          10485    
    256             17          10502    
    257             17          10519    
    258             17          10536    
    259             17          10553    
    260             17          10570    
    261             17          10587    
    262             17          10604    
    263             17          10621    
    264             17          10638    
    265             17          10655    
    266             17          10672    
    267             17          10689    
    268             17          10706    
    269             17          10723    
    270             17          10740    
    271             17          10757    
    272             17          10774    
    273             17          10791    
    274             17          10808    
    275             17          10825    
    276             17          10842    
    277             17          10859    
    278             17          10876    
    279             17          10893    
    280             17          10910    
    281             17          10927    
    282             17          10944    
    283             17          10961    
    284             17          10978    
    285             17          10995    
    286             17          11012    
    287             17          11029    
    288             17          11046    
    289             17          11063    
    290             17          11080    
    291             17          11097    
    292             17          11114    
    293             17          11131    
    294             17          11148    
    295             17          11165    
    296             17          11182    
    297             17          11199    
    298             17          11216    
    299             17          11233    
    300             17          11250    
    301             17          11267    
    302             17          11284    
    303             17          11301    
    304             17          11318    
    305             17          11335    
    306             17          11352    
    307             17          11369    
    308             17          11386    
    309             17          11403    
    310             17          11420    
    311             17          11437    
    312             17          11454    
    313             17          11471    
    314             17          11488    
    315             17          11505    
    316             17          11522    
    317             17          11539    
    318             17          11556    
    319             17          11573    
    320             17          11590    
    321             17          11607    
    322             17          11624    
    323             17          11641    
    324             17          11658    
    325             17          11675    
    326             17          11692    
    327             17          11709    
    328             17          11726    
    329             17          11743    
    330             17          11760    
    331             17          11777    
    332             17          11794    
    333             17          11811    
    334             17          11828    
    335             17          11845    
    336             17          11862    
    337             17          11879    
    338             17          11896    
    339             17          11913    
    340             17          11930    
    341             17          11947    
    342             17          11964    
    343             17          11981    
    344             17          11998    
    345             17          12015    
    346             17          12032    
    347             17          12049    
    348             17          12066    
    349             17          12083    
    350             17          12100    
    351             17          12117    
    352             17          12134    
    353             17          12151    
    354             17          12168    
    355             17          12185    
    356             17          12202    
    357             17          12219    
    358             17          12236    
    359             17          12253    
    360             17          12270    
    361             17          12287    
    362             17          12304    
    363             17          12321    
    364             17          12338    
    365             17          12355    
    366             17          12372    
    367             17          12389    
    368             17          12406    
    369             17          12423    
    370             17          12440    
    371             17          12457    
    372             17          12474    
    373             17          12491    
    374             17          12508    
    375             17          12525    
    376             17          12542    
    377             17          12559    
    378             17          12576    
    379             17          12593    
    380             17          12610    
    381             17          12627    
    382             17          12644    
    383             17          12661    
    384             17          12678    
    385             17          12695    
    386             17          12712    
    387             17          12729    
    388             17          12746    
    389             17          12763    
    390             17          12780    
    391             17          12797    
    392             17          12814    
    393             17          12831    
    394             17          12848    
    395             17          12865    
    396             17          12882    
    397             17          12899    
    398             17          12916    
    399             17          12933    
    400             17          12950    
    401             17          12967    
    402             17          12984    
    403             17          13001    
    404             17          13018    
    405             17          13035    
    406             17          13052    
    407             17          13069    
    408             17          13086    
    409             17          13103    
    410             17          13120    
    411             17          13137    
    412             17          13154    
    413             17          13171    
    414             17          13188    
    415             17          13205    
    416             17          13222    
    417             17          13239    
    418             17          13256    
    419             17          13273    
    420             17          13290    
    421             17          13307    
    422             17          13324    
    423             17          13341    
    424             17          13358    
    425             17          13375    
    426             17          13392    
    427             17          13409    
    428             17          13426    
    429             17          13443    
    430             17          13460    
    431             17          13477    
    432             17          13494    
    433             17          13511    
    434             17          13528    
    435             17          13545    
    436             17          13562    
    437             17          13579    
    438             17          13596    
    439             17          13613    
    440             17          13630    
    441             17          13647    
    442             17          13664    
    443             17          13681    
    444             17          13698    
    445             17          13715    
    446             17          13732    
    447             17          13749    
    448             17          13766    
    449             17          13783    
    450             17          13800    
    451             17          13817    
    452             17          13834    
    453             17          13851    
    454             17          13868    
    455             17          13885    
    456             17          13902    
    457             17          13919    
    458             17          13936    
    459             17          13953    
    460             17          13970    
    461             17          13987    
    462             17          14004    
    463             17          14021    
    464             17          14038    
    465             17          14055    
    466             17          14072    
    467             17          14089    
    468             17          14106    
    469             17          14123    
    470             17          14140    
    471             17          14157    
    472             17          14174    
    473             17          14191    
    474             17          14208    
    475             17          14225    
    476             17          14242    
    477             17          14259    
    478             17          14276    
    479             17          14293    
    480             17          14310    
    481             17          14327    
    482             17          14344    
    483             17          14361    
    484             17          14378    
    485             17          14395    
    486             17          14412    
    487             17          14429    
    488             17          14446    
    489             17          14463    
    490             17          14480    
    491             17          14497    
    492             17          14514    
    493             17          14531    
    494             17          14548    
    495             17          14565    
    496             17          14582    
    497             17          14599    
    498             17          14616    
    499             17          14633    
    500             17          14650    
    501           1709          16359    

Scene                        Shape Bytes    Text Bytes    ActionScript Bytes
-------------------------    -----------    ----------    ------------------
Squall Ball                           97           283                   826
Credits                                0          3346                     3

Symbol                       Shape Bytes    Text Bytes    ActionScript Bytes
-------------------------    -----------    ----------    ------------------
Shade                                 20             0                     0
Button                                 0             0                     0
Highlight                             13             0                     0
Squall Ball                           97           283                   826
Squall                                 0             0                     0


Tweened Shapes: 204 bytes

Font Name                 Bytes        Characters    
----------------------    ---------    --------------
_serif                           11    
_sans                            11    
_typewriter                      13    

ActionScript Bytes    Location
------------------    --------
               738    Squall Ball:Actions:1
                 0    Squall Ball:Alpha:1
                16    Squall Ball:Alpha:6
                23    Squall Ball:Actions:1:No instance name assigned(Button)
                 9    Squall Ball:Actions:1:No instance name assigned(Button)
                40    Squall Ball:Actions:1:No instance name assigned(Button)
                 3    Credits:Actions:500

Bitmap                     Compressed    Compression
-----------------------    ----------  --------  -----------
squall0.gif                      431        3072   Lossless
squall1.gif                      418        3072   Lossless
squall2.gif                      425        3072   Lossless
squall3.gif                      428        3072   Lossless
squall4.gif                      420        3072   Lossless
squall5.gif                      415        3072   Lossless
squall6.gif                      401        3072   Lossless




